epoch: MSE: TrainAcc: TestAcc:
0 0,500014296143958 0,000000000000000 0,000000000000000
10 0,007741919087801 0,149498632634458 0,160000000000000
20 0,002986750063318 0,675478577939836 0,672727272727273
30 0,001651908790532 0,710118505013674 0,694545454545455
40 0,000905407613374 0,723792160437557 0,701818181818182
50 0,000606945628173 0,736554238833181 0,716363636363636
60 0,000463189062620 0,740200546946217 0,723636363636364
70 0,000376561852305 0,768459434822242 0,745454545454545
80 0,000317580839437 0,789425706472197 0,756363636363636
90 0,000274528792907 0,810391978122151 0,774545454545455
100 0,000241643068583 0,824065633546035 0,789090909090909
110 0,000215686640912 0,839562443026436 0,810909090909091
120 0,000194678086112 0,847766636280766 0,814545454545455
130 0,000177329428442 0,856882406563355 0,821818181818182
140 0,000162764891299 0,864175022789426 0,840000000000000
150 0,000150367477761 0,873290793072015 0,840000000000000
160 0,000139689739866 0,877848678213309 0,847272727272727
170 0,000130399230678 0,880583409298086 0,854545454545455
180 0,000122243791397 0,883318140382862 0,861818181818182
190 0,000115028711616 0,887876025524157 0,865454545454545
200 0,000108601270015 0,889699179580675 0,872727272727273
210 0,000102840011639 0,890610756608933 0,876363636363636
220 0,000097647149749 0,893345487693710 0,880000000000000
230 0,000092943078968 0,894257064721969 0,883636363636364
240 0,000088662345664 0,896080218778487 0,890909090909091
250 0,000084750643351 0,896991795806746 0,894545454545455
260 0,000081162541470 0,899726526891522 0,898181818181818
270 0,000077859747001 0,900638103919781 0,905454545454545
280 0,000074809758688 0,900638103919781 0,916363636363636
290 0,000071984814272 0,902461257976299 0,916363636363636
300 0,000069361058964 0,905195989061076 0,916363636363636
310 0,000066917882829 0,905195989061076 0,916363636363636
320 0,000064637388378 0,905195989061076 0,920000000000000
330 0,000062503959505 0,906107566089335 0,920000000000000
340 0,000060503909987 0,908842297174111 0,920000000000000
350 0,000058625194921 0,908842297174111 0,920000000000000
360 0,000056857172369 0,908842297174111 0,920000000000000
370 0,000055190405302 0,910665451230629 0,923636363636364
380 0,000053616496124 0,911577028258888 0,923636363636364
390 0,000052127947706 0,911577028258888 0,923636363636364
400 0,000050718046090 0,911577028258888 0,923636363636364
410 0,000049380761046 0,912488605287147 0,923636363636364
420 0,000048110661379 0,915223336371923 0,923636363636364
430 0,000046902842502 0,917046490428441 0,923636363636364
440 0,000045752864260 0,917958067456700 0,923636363636364
450 0,000044656697338 0,918869644484959 0,923636363636364
460 0,000043610676918 0,921604375569736 0,927272727272727
470 0,000042611462463 0,921604375569736 0,927272727272727
480 0,000041656002698 0,921604375569736 0,927272727272727
490 0,000040741505031 0,923427529626253 0,927272727272727
500 0,000039865408764 0,923427529626253 0,927272727272727
510 0,000039025361562 0,923427529626253 0,927272727272727
520 0,000038219198728 0,923427529626253 0,927272727272727
530 0,000037444924898 0,923427529626253 0,927272727272727
540 0,000036700697834 0,923427529626253 0,930909090909091
550 0,000035984814045 0,924339106654512 0,930909090909091
560 0,000035295695989 0,924339106654512 0,930909090909091
570 0,000034631880672 0,924339106654512 0,930909090909091
580 0,000033992009457 0,925250683682771 0,930909090909091
590 0,000033374818939 0,925250683682771 0,930909090909091
600 0,000032779132765 0,926162260711030 0,930909090909091
610 0,000032203854277 0,927073837739289 0,930909090909091
620 0,000031647959889 0,927073837739289 0,930909090909091
630 0,000031110493115 0,927985414767548 0,930909090909091
640 0,000030590559168 0,927985414767548 0,930909090909091
650 0,000030087320076 0,928896991795807 0,930909090909091
660 0,000029599990251 0,928896991795807 0,930909090909091
670 0,000029127832470 0,929808568824066 0,930909090909091
680 0,000028670154212 0,929808568824066 0,930909090909091
690 0,000028226304331 0,929808568824066 0,930909090909091
700 0,000027795670018 0,929808568824066 0,930909090909091
710 0,000027377674024 0,930720145852325 0,930909090909091
720 0,000026971772123 0,932543299908842 0,930909090909091
730 0,000026577450791 0,932543299908842 0,930909090909091
740 0,000026194225073 0,932543299908842 0,930909090909091
750 0,000025821636629 0,933454876937101 0,930909090909091
760 0,000025459251934 0,933454876937101 0,930909090909091
770 0,000025106660630 0,935278030993619 0,930909090909091
780 0,000024763473994 0,935278030993619 0,930909090909091
790 0,000024429323542 0,935278030993619 0,930909090909091
800 0,000024103859724 0,935278030993619 0,930909090909091
810 0,000023786750731 0,935278030993619 0,930909090909091
820 0,000023477681384 0,936189608021878 0,934545454545455
830 0,000023176352105 0,936189608021878 0,934545454545455
840 0,000022882477970 0,936189608021878 0,934545454545455
850 0,000022595787822 0,936189608021878 0,934545454545455
860 0,000022316023450 0,937101185050137 0,934545454545455
870 0,000022042938833 0,937101185050137 0,934545454545455
880 0,000021776299423 0,937101185050137 0,934545454545455
890 0,000021515881491 0,937101185050137 0,934545454545455
900 0,000021261471509 0,937101185050137 0,934545454545455
910 0,000021012865575 0,938012762078396 0,934545454545455
920 0,000020769868882 0,938012762078396 0,934545454545455
930 0,000020532295214 0,942570647219690 0,938181818181818
940 0,000020299966477 0,942570647219690 0,938181818181818
950 0,000020072712266 0,942570647219690 0,938181818181818
960 0,000019850369455 0,943482224247949 0,938181818181818
970 0,000019632781808 0,943482224247949 0,938181818181818
980 0,000019419799627 0,943482224247949 0,938181818181818
990 0,000019211279408 0,944393801276208 0,938181818181818
